19	0	29519
40	0	9353
46	0	14274
60	2	6577
78	5	172
103	0	9917
119	0	2748
268	0	17555
304	0	25231
332	0	1287
469	0	14498
493	0	1629
511	0	15897
516	0	292
522	0	16646
561	0	5278
622	0	8078
658	0	13432
737	0	704
739	0	912
829	0	1677
903	5	5742
912	0	7047
931	0	2275
1002	0	15449
1020	0	3141
1070	0	17546
1079	0	2918
1104	0	7945
1110	0	20337
1118	5	172
1142	0	4722
1154	0	18959
1196	5	12328
1202	0	14475
1294	0	25140
1311	0	896
1328	0	608
1366	0	29
1398	0	19101
1444	0	9048
1482	0	13752
1494	0	15383
1511	0	15914
1521	0	532
1533	0	604
1538	0	8355
1583	0	129
1595	5	914
1637	0	5616
1708	0	8438
1788	0	22163
1838	0	11464
1864	0	1703
1935	0	7945
1947	0	1249
2003	0	4127
2004	0	30642
2030	0	1832
2151	0	4180
2245	0	2918
2315	0	3918
2379	0	14652
2381	2	12273
2408	0	9048
2434	0	16266
2562	0	608
2655	0	9806
2664	0	2624
2692	0	10487
2760	0	11134
2813	0	3170
2863	0	6499
2872	0	17555
2887	0	2938
2901	0	30222
2940	0	23340
2970	0	8651
3018	0	27173
3034	2	1137
3046	0	140
3066	0	8076
3083	0	26431
3169	0	3813
3210	5	1819
3215	0	7911
3223	0	3161
3254	0	2886
3303	0	10707
3331	5	16655
3387	0	19840
3395	0	184
3509	0	3407
3528	0	10834
3621	0	9758
3729	0	20717
3761	0	8987
3771	0	5644
3785	0	28084
3850	0	160
3855	0	3909
3895	0	3721
3947	0	12235
3969	0	3582
4015	0	32323
4037	0	16708
4130	0	3621
4146	0	37135
4197	0	8050
4299	0	1562
4316	0	1500
4319	2	1136
4362	0	8787
4385	0	4940
4393	0	21188
4423	0	24850
4425	0	9880
4461	0	19310
4485	0	608
4491	0	19288
4522	0	9758
4541	0	2723
4555	0	1115
4563	0	12505
4582	0	23340
4594	0	5891
4608	0	3699
4665	0	6717
4686	0	9935
4722	0	2807
4747	0	22951
4871	0	1244
4895	0	8093
4984	0	73
5040	0	220
5046	5	5363
5109	0	22368
5134	2	4633
5147	0	2497
5185	0	13336
5209	0	184
5245	0	33893
5259	0	9217
5300	0	27067
5315	0	18408
5335	5	9988
5409	0	9991
5443	2	1773
5449	0	9435
5466	0	115
5590	0	2110
5633	0	4663
5741	0	1817
5768	0	1444
5785	0	26217
5788	0	7027
5886	0	51
5940	0	532
5949	0	3779
5974	0	9758
5975	0	8327
6028	0	29623
6037	0	39187
6054	0	4123
6058	0	5378
6069	0	37345
6074	0	11052
6111	0	23960
6386	0	26454
6493	0	3567
6504	0	17314
6513	0	650
6533	0	4369
6540	0	6677
6546	0	4367
6564	0	11337
6578	0	5973
6630	0	4722
6695	0	32813
6743	0	8355
6782	5	5167
6890	0	36281
6916	0	19429
6944	0	1701
6955	0	2697
6989	0	2604
7005	0	9367
7024	0	6752
7118	0	3978
7188	0	11737
7196	0	3712
7231	0	16733
7245	0	31986
7275	0	36151
7324	2	12273
7328	0	5714
7396	0	39
7397	0	296
7442	0	12505
7449	0	7095
7451	0	9653
7458	5	985
7486	0	7078
7495	0	883
7498	0	883
7540	0	2723
7580	0	34614
7590	5	2566
7681	0	249
7700	2	4168
7751	0	3712
7793	0	608
7848	5	914
7886	0	12463
8027	0	17129
8108	0	3229
8110	0	12168
8162	2	27707
8168	0	13192
8198	0	20655
8199	0	15331
8240	5	4701
8260	0	7895
8288	0	2687
8306	2	25327
8334	2	35737
8415	2	7033
8455	0	14334
8545	0	324
8572	0	5856
8574	0	5381
8577	2	916
8639	0	3289
8643	0	1819
8662	0	716
8767	0	2776
8811	0	2340
8848	5	14818
8852	0	7403
8883	0	5790
8913	0	3779
8973	0	15567
9012	5	7786
9014	0	13840
9021	2	741
9037	0	3099
9074	0	2243
9102	2	593
9119	0	21826
9225	0	178
9258	2	916
9267	0	1292
9298	0	3163
9320	0	2318
9335	5	2139
9371	0	5623
9455	0	23399
9536	0	265
9578	0	473
9588	0	1406
9620	0	3716
9637	5	1981
9658	0	22831
9720	0	4743
9757	0	608
9794	0	26796
9842	0	3579
9877	5	6166
9889	0	38560
9928	0	5616
9939	2	2580
9995	0	1520
10063	0	8348
10121	0	248
10124	0	25426
10135	5	2978
10160	0	15134
10184	0	28333
10203	0	23680
10215	0	5164
10241	0	10481
10303	0	1380
10347	0	12311
10380	0	1964
10443	2	121
10506	0	296
10520	0	24854
10734	0	10886
10738	0	8594
10757	0	3459
10826	0	26562
10884	0	12402
10953	0	273
10960	0	16571
10966	0	6448
11007	0	39628
11049	0	722
11058	2	6577
11196	0	24534
11205	5	232
11212	0	1856
11281	0	184
11304	0	19910
11333	0	1873
11433	0	2275
11437	0	427
11449	2	6220
11479	0	4865
11480	2	1534
11490	2	2023
11495	0	4791
11546	0	4442
11600	0	13047
11636	0	4446
11689	0	15537
11759	2	10987
11766	5	10754
11888	0	36918
11891	5	16320
11922	0	14898
12013	0	296
12211	0	6042
12231	0	16476
12322	0	4550
12327	0	411
12330	0	11599
12358	2	4168
12381	0	1474
12395	0	4161
12507	0	13404
12541	0	2054
12545	0	1244
12551	0	7485
12641	0	39
12660	0	1095
12683	0	9758
12696	0	1750
12699	0	2137
12758	0	980
12959	0	12265
12960	0	23054
12974	0	265
13023	0	239
13049	0	4990
13094	2	1214
13128	0	959
13143	0	586
13147	2	3869
13163	0	5488
13171	0	2104
13220	2	6815
13238	0	3407
13239	0	284
13300	0	11301
13347	0	26570
13350	0	29456
13394	0	3459
13398	0	71
13466	0	39
13484	5	2971
13510	0	34706
13521	0	427
13524	0	292
13604	2	251
13606	0	5759
13699	0	5381
13773	0	27141
13776	2	121
13842	0	11910
13887	0	3443
13939	0	7027
13988	0	168
13991	0	6823
13999	0	37238
14001	0	36202
14004	0	25065
14212	0	14737
14223	0	608
14231	0	7944
14233	0	2918
14235	0	20549
14242	0	292
14278	0	7240
14366	0	24327
14412	0	20621
14428	0	772
14487	0	1244
14563	2	35454
14576	5	2971
14588	2	121
14631	0	3275
14647	0	13213
14758	0	9787
14814	0	292
14866	0	3633
14888	0	2518
14893	0	27550
14951	5	6776
14974	0	14973
15011	0	1542
15067	0	18496
15119	0	296
15158	0	40846
15177	0	292
15205	0	265
15231	0	532
15250	5	2644
15261	0	14295
15287	2	121
15305	5	2978
15312	0	12860
15345	5	4450
15364	0	4369
15427	0	134
15469	0	6418
15472	0	25385
15523	0	2604
15533	0	7387
15542	0	22049
15553	0	160
15582	0	4030
15599	5	6014
15602	0	4367
15613	0	15381
15635	5	5742
15657	0	4985
15727	0	20842
15734	0	184
15736	0	1677
15769	0	1784
15782	0	21097
15792	0	3763
15804	0	10824
15936	0	23068
15952	0	3163
15981	0	1328
16022	5	914
16023	0	4958
16065	0	36140
16074	0	18268
16082	0	19592
16130	0	10326
16182	0	239
16200	0	1852
16257	0	23562
16304	0	30127
16318	0	5178
16346	0	16005
16378	0	2054
16437	0	26208
16469	0	178
16507	0	184
16522	0	3780
16533	0	2697
16542	0	4523
16624	0	8260
16634	0	9747
16649	0	11808
16669	2	916
16675	0	11522
16732	0	10532
16737	0	2582
16880	0	18633
17003	0	479
17014	2	3167
17047	0	13439
17141	0	21055
17202	0	12720
17206	0	4193
17241	0	17150
17282	0	228
17309	0	30810
17345	0	3969
17370	0	5856
17395	0	7902
17401	0	239
17408	0	4099
17450	0	1095
17519	0	3716
17532	0	39
17745	2	1137
17745	5	774
17759	0	2861
17807	0	1244
17837	0	7272
17844	0	7120
17883	0	18836
17924	0	7315
17933	0	160
17946	0	26351
17970	0	4765
18018	2	916
18029	0	8812
18072	0	1880
18106	0	278
18159	0	17493
18160	0	1200
18271	0	3443
18317	0	16471
18333	0	1929
18415	5	2176
18451	5	1238
18478	2	2023
18563	0	4302
18603	5	172
18621	0	39
18632	0	15264
18671	0	11241
18713	0	2318
18716	0	37537
18778	0	5314
18854	0	7016
18855	0	2060
18918	0	15687
18961	2	7
18986	0	2482
18988	0	27345
18992	0	780
19055	0	772
19058	0	2497
19086	2	1326
19156	0	89
19162	0	18654
19163	0	18538
19165	0	2969
19172	0	15730
19202	0	12252
19211	0	4744
19256	5	9528
19317	0	1107
19322	5	7288
19351	0	265
19366	0	20234
19380	0	26217
19390	0	4369
19429	0	239
19442	2	1137
19479	5	4701
19488	0	3006
19561	2	12788
19621	0	11241
19623	0	1730
19654	0	38248
19679	0	5394
19754	0	4059
19768	0	5156
19843	0	2682
19922	0	8858
19923	0	13346
19936	0	239
19951	0	20010
19994	0	1378
20006	0	608
20014	0	14262
20027	2	9746
20030	0	13734
20046	0	4696
20079	0	4369
20088	5	3785
20115	2	2580
20124	0	14100
20145	0	11015
20175	0	7143
20226	0	13887
20278	2	2023
20314	5	172
20341	2	121
20348	0	11447
20387	0	51
20402	0	16155
20413	0	1973
20428	0	3527
20434	0	21190
20438	0	11301
20504	0	11647
20629	0	10089
20641	0	36866
20729	0	30962
20750	0	1929
20760	0	25127
20767	0	239
20768	0	17402
20774	0	8060
20777	0	30968
20832	0	2453
20833	0	14547
20860	5	2566
20898	0	9048
20914	0	1967
20939	0	2215
21026	0	306
21092	0	5178
21124	0	14843
21130	2	121
21174	5	2295
21181	5	232
21253	0	5982
21281	0	428
21282	0	15062
21289	0	18268
21406	0	608
21449	0	12858
21493	0	24309
21505	0	296
21523	0	5914
21537	0	1027
21543	0	14367
21561	0	39
21619	5	1981
21641	0	8412
21673	0	26120
21697	0	2070
21703	2	1136
21737	0	2589
21749	0	16741
21811	0	278
21858	0	14369
21862	0	39
21874	0	278
21912	0	22347
21930	0	12252
21977	5	16419
21987	0	20963
22017	0	883
22068	0	29955
22074	5	172
22077	5	6956
22121	0	351
22133	0	1730
22137	5	3531
22145	0	267
22172	0	11068
22243	0	13777
22355	0	11595
22395	0	5140
22400	2	2183
22467	0	22049
22501	2	1326
22504	0	7152
22610	0	27194
22680	2	121
22690	0	9531
22767	5	6095
22785	0	5734
22793	0	3538
22804	0	9256
22889	0	11852
22923	0	28916
23035	0	2497
23066	0	10976
23083	0	26718
23138	0	1929
23185	0	85
23212	0	2918
23226	0	34449
23271	0	7641
23277	0	13709
23282	0	1690
23298	0	37796
23301	0	6286
23311	5	666
23317	0	6977
23390	0	40586
23462	0	5675
23501	0	1668
23511	0	15656
23526	0	9730
23590	0	12772
23606	0	4877
23628	0	2614
23642	0	26543
23644	0	37462
23647	0	1338
23722	0	20561
23744	0	296
23758	0	239
23779	0	17423
23792	0	30977
23795	2	2580
23802	0	21987
23816	0	13145
23871	0	918
23886	0	6769
23888	0	1730
23939	0	929
23942	0	26928
23949	5	212
23961	0	6776
23980	0	3787
23982	0	37653
24011	0	12474
24031	0	7047
24036	5	2176
24056	0	9777
24070	0	18975
24094	0	123
24128	0	8842
24159	0	12803
24226	0	239
24323	0	3621
24327	0	3027
24430	0	2060
24455	0	7235
24513	0	4550
24515	2	20288
24523	0	8582
24542	0	21434
24552	2	8531
24577	0	6103
24592	0	13837
24594	5	1819
24621	2	17930
24630	0	22399
24650	0	27939
24652	0	26678
24676	0	24224
24780	0	39997
24829	0	20017
24840	0	14776
24884	0	284
24894	0	7247
24953	0	13135
24972	0	1142
24984	0	232
25033	0	4030
25039	0	2409
25046	2	121
25047	0	19223
25065	0	4789
25076	0	265
25109	0	7757
25115	0	11301
25133	5	5012
25228	0	917
25230	0	6253
25270	0	6354
25299	0	17090
25305	0	2099
25327	5	3250
25485	2	3943
25496	0	5310
25514	2	121
25546	5	914
25576	0	19971
25593	0	4049
25597	0	4132
25614	0	86
25625	5	2176
25642	0	31168
25660	5	4520
25740	0	1378
25746	0	11870
25766	0	22616
25817	0	40019
25873	0	2795
25916	0	16303
26009	0	265
26019	0	4682
26041	0	4289
26061	0	9371
26120	0	6426
26183	0	11186
26202	0	7136
26219	0	15966
26224	0	2318
26230	0	10765
26279	5	6146
26302	0	3459
26308	5	18855
26315	0	19366
26386	0	18443
26405	0	5156
26530	0	25605
26578	0	239
26579	0	27595
26662	0	7523
26676	0	8201
26701	5	39164
26734	0	2288
26740	0	15987
26740	5	4475
26742	0	15839
26756	0	9311
26769	0	1194
26770	5	6829
26845	0	292
26868	0	6233
26871	0	2084
26933	0	1475
26948	2	3620
26982	0	2318
26985	0	7600
27000	0	7247
27069	0	17594
27080	0	35724
27089	0	25460
27097	0	10241
27146	5	11426
27150	0	3232
27178	0	2497
27408	0	4448
27422	0	8663
27441	0	25270
27467	0	31416
27575	0	6658
27600	0	7589
27621	0	1677
27632	0	31556
27635	0	6879
27657	5	828
27757	0	1929
27765	0	206
27811	2	10916
27812	0	7474
27814	0	9178
27819	0	3087
27830	0	8061
27837	0	51
27855	0	9636
27870	2	2023
27906	0	19986
27917	0	8192
27936	0	4550
27944	2	593
27948	0	29072
27964	0	16186
27989	2	17930
28004	0	6478
28017	0	10090
28032	0	5259
28048	0	20017
28053	0	4049
28133	0	18038
28192	2	3865
28305	0	3141
28371	2	121
28399	0	7125
28418	5	2295
28450	5	914
28456	2	1773
28472	5	10737
28499	0	2833
28508	2	3843
28580	5	172
28595	0	608
28640	2	741
28643	0	11339
28656	0	21
28671	0	7444
28674	0	3041
28703	0	3909
28717	0	3163
28719	0	7960
28721	0	15897
28752	0	4416
28857	0	706
28934	0	6210
28941	0	3716
28964	0	1244
29029	2	121
29042	2	121
29053	0	31232
29071	0	25203
29122	0	1500
29143	0	278
29190	5	2139
29212	0	34093
29243	0	26808
29285	2	121
29302	0	15125
29342	0	8978
29347	0	1461
29358	0	2687
29368	0	40057
29372	0	24630
29378	0	14065
29410	0	16944
29422	2	1136
29446	0	4940
29447	0	15913
29501	0	6358
29544	0	6411
29553	0	8837
29578	0	15788
29623	0	33835
29630	5	22311
29637	0	28168
29649	0	11732
29650	5	73
29667	0	249
29698	0	8868
29708	0	692
29717	0	30926
29725	5	9988
29753	0	15565
29759	0	21793
29831	0	12577
29860	0	18587
29916	0	33246
29941	0	8121
29957	5	8285
29963	5	774
29976	5	5742
30004	0	2482
30007	2	121
30056	0	13450
30076	0	10715
30127	0	1623
30166	0	5644
30194	0	7722
30234	0	2731
30249	0	6066
30256	0	608
30409	2	35441
30426	0	532
30475	0	10916
30541	0	22903
30612	0	4411
30613	0	6961
30622	0	2318
30773	0	184
30832	0	17008
30840	5	860
30846	0	2941
30857	0	30511
30889	0	33367
30980	0	3884
31050	2	121
31063	0	2110
31140	0	1615
31153	0	36722
31174	0	2497
31196	0	30962
31226	0	17728
31237	0	2110
31338	0	8266
31351	0	4030
31371	0	7474
31376	2	743
31393	0	292
31413	0	15186
31414	0	21528
31471	0	2626
31477	0	20633
31495	2	1326
31511	5	3276
31531	2	121
31576	0	30844
31583	0	883
31601	0	1352
31620	0	3716
31630	0	33081
31672	0	16442
31737	0	16660
31740	0	1183
31789	0	494
31830	5	24055
31841	0	19545
31855	0	1378
31958	5	914
31972	0	5856
31974	5	6146
31983	0	35119
31996	0	292
32001	2	3539
32069	0	19823
32116	0	21176
32164	0	184
32173	0	25942
32247	0	4877
32294	0	1897
32325	0	17590
32329	0	39076
32343	0	7890
32383	0	427
32387	0	8811
32397	0	13044
32427	0	24062
32445	0	36854
32469	0	324
32514	5	3785
32679	0	34089
32699	0	14562
32701	0	522
32733	0	248
32735	0	5654
32748	2	743
32794	0	18895
32814	0	4976
32842	0	239
32853	0	5203
32917	0	9489
32957	0	5195
32975	0	9558
33074	2	7
33079	0	3582
33081	0	3606
33100	0	23835
33163	5	4554
33182	0	5053
33189	0	14812
33234	2	2524
33245	0	3980
33246	0	425
33294	0	3229
33324	0	284
33362	0	724
33413	0	292
33440	2	121
33543	0	40596
33552	0	40037
33563	0	18375
33590	0	608
33592	0	3640
33594	2	121
33614	5	172
33641	0	19894
33656	0	17442
33666	0	278
33667	0	1730
33711	5	19257
33742	0	9048
33783	2	1326
33791	0	2687
33840	0	1754
33864	0	13576
33871	0	228
33915	2	121
34003	0	20650
34053	2	121
34164	0	21362
34189	2	916
34222	0	38513
34227	5	5167
34239	0	239
34243	0	1244
34310	0	184
34328	5	2295
34363	5	8522
34439	5	2295
34499	0	3934
34554	0	9531
34598	0	2409
34648	0	16831
34670	0	239
34721	0	178
34758	0	284
34773	0	34386
34810	0	17502
34811	0	1272
34829	0	34921
34845	5	10076
34858	0	18783
34900	2	1136
34932	2	14540
34985	0	3925
35000	0	9668
35002	0	19318
35052	0	959
35059	0	27412
35060	0	5892
35086	0	1929
35142	0	284
35177	0	14481
35179	0	19119
35181	0	21518
35192	0	2340
35194	0	1027
35212	0	8053
35226	0	37189
35316	5	38173
35331	5	172
35412	5	11510
35415	0	2807
35435	0	12605
35461	0	15432
35466	0	11507
35614	0	5846
35627	0	3269
35645	0	7367
35674	0	16517
35748	0	11399
35764	0	14617
35789	5	3276
35821	0	16863
35822	5	172
35828	0	1364
35840	0	11072
35847	0	1371
35848	0	18654
35874	0	3549
35877	0	85
35882	2	2524
35918	0	391
35944	2	916
35945	5	914
35950	0	20760
36003	2	3957
36060	0	14935
36104	0	81
36118	2	743
36138	0	7877
36144	0	28533
36147	0	8153
36165	0	12168
36200	0	5055
36214	0	573
36229	0	18254
36238	0	1326
36255	0	10055
36259	5	860
36270	0	265
36297	0	16303
36351	0	4990
36490	5	914
36501	0	4902
36509	0	1481
36527	0	883
36561	5	129
36575	0	34172
36581	0	16397
36587	2	121
36608	0	123
36622	2	2580
36696	5	9528
36698	0	586
36714	0	38851
36716	0	15310
36722	0	1474
36734	5	985
36771	0	6286
36776	0	2604
36798	0	51
36825	0	20796
36881	0	119
36889	0	883
36898	0	1686
36945	0	296
36968	0	18425
36972	5	172
36976	0	4550
36978	0	692
37033	0	20187
37148	0	23650
37154	5	9269
37187	0	3391
37193	0	36623
37226	0	11964
37242	0	608
37253	0	40396
37272	0	7800
37285	0	184
37308	0	650
37309	0	30216
37317	0	6230
37407	0	19919
37410	0	27335
37417	5	774
37425	0	4766
37434	0	917
37552	0	2655
37558	2	741
37609	0	25129
37633	0	20754
37635	0	7600
37696	0	13023
37709	2	1136
37725	0	23377
37756	0	278
37791	0	27732
37793	0	425
37809	2	18294
37831	2	11666
37840	0	313
37862	0	11301
37929	2	121
37937	2	17319
37981	0	904
38010	0	30717
38028	0	296
38033	0	20954
38036	0	1666
38079	2	1754
38136	0	2604
38142	0	26564
38150	0	712
38151	0	7155
38155	5	914
38187	0	2275
38194	0	6335
38212	2	121
38241	0	2110
38351	0	9048
38369	0	51
38379	0	2037
38386	0	1904
38389	0	7334
38434	0	9010
38438	0	24102
38488	0	19873
38526	0	17405
38545	2	3943
38617	0	21
38623	0	5839
38637	0	35536
38689	0	12894
38719	2	1326
38723	0	1929
38724	0	29467
38731	0	10922
38740	2	1326
38752	0	728
38754	2	10661
38768	0	29318
38784	0	6570
38790	0	13
38875	0	2318
38906	0	1929
38920	0	20791
38926	0	5480
38969	0	16196
38974	0	621
39009	0	184
39017	2	121
39024	0	29467
39026	0	29817
39027	0	9415
39078	0	883
39094	5	3918
39117	2	5348
39121	5	172
39131	0	284
39187	0	11100
39206	0	12650
39210	0	36049
39214	0	32965
39245	0	608
39259	0	21
39272	0	12035
39279	0	184
39291	0	278
39300	0	1590
39375	0	265
39401	0	24275
39413	0	5325
39440	0	1444
39447	2	955
39465	0	16668
39489	0	11666
39499	0	292
39523	0	2723
39553	0	4628
39567	0	4694
39574	0	13157
39681	2	3869
39701	0	5987
39714	5	5407
39736	0	4427
39760	0	574
39780	0	2807
39806	0	4094
39830	0	32910
39950	0	2362
39975	0	7068
39981	0	306
39987	0	81
39988	0	6132
40020	0	17095
40022	0	6784
40030	0	184
40037	0	19153
40068	0	28942
40071	0	542
40099	2	3843
40127	0	2558
40140	0	27752
40153	0	6359
40221	5	73
40242	0	24346
40260	0	26108
40279	0	532
40283	0	13935
40284	0	6614
40303	0	2589
40307	0	4362
40353	0	10745
40381	0	34906
40383	0	38168
40438	0	1784
40449	0	1803
40503	0	9914
40548	0	16045
40572	0	32910
40577	0	3716
40607	0	4227
40612	0	8594
40628	0	33021
40676	0	1378
40678	5	5841
40688	0	3489
40692	0	8924
40699	0	12729
40705	0	51
40706	0	10059
40710	0	31312
40728	5	914
40735	5	774
40756	0	85
40757	0	1311
40758	0	6286
40759	0	45
40760	0	3796
40761	0	448
40762	0	1763
40763	0	987
40764	0	29777
40765	0	18
40766	0	35564
40767	0	15247
40768	0	1784
40769	0	10981
40770	0	3005
40771	0	10613
40773	0	2732
40774	0	16369
40775	0	35896
40776	0	5310
40777	0	608
40778	2	26169
40779	2	1646
40780	0	379
40781	0	4921
40782	2	1646
40783	0	4407
40784	0	14144
40785	0	608
40786	0	1672
40787	0	5243
40788	2	593
40789	0	25921
40791	0	11084
40792	0	9525
40793	0	608
40794	0	32275
40795	0	10090
40796	2	3317
40797	0	19420
40798	0	38876
40799	0	5636
40800	0	28344
40801	0	16573
40802	0	39415
40803	0	5646
40804	0	1311
40805	0	33924
40806	0	6850
40807	0	3538
40808	0	40809
40810	0	51
40811	0	2664
40812	0	17281
40813	0	19386
40814	0	608
40815	0	39071
40816	0	14697
40817	0	19840
40818	0	35587
40819	0	15962
40820	0	20319
40821	0	14864
40822	0	9367
40823	0	11638
40824	0	2657
40825	0	22386
40826	0	30737
40827	0	3699
40828	0	379
40829	0	16065
40830	0	608
40831	0	4593
40832	0	6630
40833	0	4628
40834	0	14087
40835	0	40836
40837	0	15224
40838	0	608
40839	0	1784
40840	0	918
40841	0	16266
40842	0	67
40843	0	3679
40844	0	6467
40845	0	32455
40847	0	8407
40848	0	23390
40849	0	13412
40850	0	1543
40851	0	14187
40852	0	6747
40853	0	23462
40854	0	14981
40855	0	25028
40856	0	8153
40857	0	2021
40858	0	15284
40859	0	37052
40860	0	1945
40861	0	35307
40862	0	6138
40863	0	22831
40864	0	1578
40865	0	34557
40866	0	8678
40867	0	339
40868	0	5700
40869	0	3918
40870	0	1335
40871	0	2664
40872	0	2604
40873	0	28355
40874	0	22716
40875	2	1754
40876	0	1295
40877	0	574
40878	0	34399
40879	0	39495
40880	0	10330
40881	0	9334
40882	0	1287
40883	0	1222
40884	0	608
40885	0	6690
40886	0	36491
40888	0	4743
40889	0	34949
40890	2	23906
40891	0	13449
40892	0	1672
40893	0	10088
40894	0	16542
40895	0	13346
40896	0	23801
40897	0	15992
40898	0	3796
40899	0	1371
40900	0	3668
40902	0	30686
40903	0	23890
40904	0	1222
40905	0	3387
40906	0	10253
40907	0	25161
40908	0	7921
40909	0	3338
40910	0	10662
40911	0	428
40912	0	9931
40913	2	1214
40914	5	3918
40915	0	10407
40916	0	25194
40917	0	5681
40918	0	5178
40919	0	27595
40920	0	6977
40921	0	10175
40922	0	14834
40923	0	13663
40924	0	22072
40925	0	19888
40926	0	20337
40927	0	290
40928	0	9369
40929	0	239
40930	0	9367
40931	0	27727
40932	0	8840
40933	0	15371
40934	0	22330
40935	0	16658
40936	2	3999
40937	0	5488
40938	0	25310
40939	2	2524
40940	0	7382
40941	0	13946
40942	0	4161
